38.99015463876041 -76.93658031271987
38.99007170341602 -76.93656964242662
38.98995495580499 -76.936556509758
38.989832101987886 -76.93649956388724
38.98973620262331 -76.93651900990099
38.98965020580001 -76.9365203510054
38.98960434078262 -76.93649956387992
38.98965593892257 -76.93640635712434
38.98964812102499 -76.93632186754736
38.98971226248848 -76.93609374324593
38.98977011485767 -76.93591403525679
38.98978216668249 -76.93580672048971
38.989803992349195 -76.93570482297093
38.98978314466402 -76.93552109166859
38.98975030954641 -76.9354091094032
38.9897054869817 -76.9353319959004
38.98967108824998 -76.93527969282893
38.98964554978683 -76.935246165219
38.98958665492853 -76.93518648607335
38.98953662031578 -76.93514155905663
38.989432381434725 -76.93509126764177
38.989352638587064 -76.93506980997142
38.98931459130977 -76.93507383328097
38.98922181842213 -76.93509864371232
38.989171783555854 -76.93513820629201
38.98912435463954 -76.93518782715468
38.98907848928364 -76.93524817685253
38.98902897550799 -76.93532663148692
38.98899822483349 -76.93539435725896
38.9889763345147 -76.93545805971779
38.98895183819754 -76.93553047935521
38.98895183819754 -76.93553047935521
38.988912748312195 -76.93574572661088
38.98887834919311 -76.93590800028646
38.98884759845318 -76.93602266471235
38.9888559376382 -76.93615208128665
38.988866361618115 -76.93627278068233
38.988866361618115 -76.93627278068233
38.98889815474748 -76.93650680343276
