38.99051420593543 -76.93774960799952
38.99041309561956 -76.937733514746
38.99030477984511 -76.93772928123116
38.990259436442834 -76.93771184687316
38.990241194836 -76.93764948551569
38.99024171602482 -76.93745100205541
38.990263084763626 -76.93732963210165
38.99020940230966 -76.93716937010609
38.99020627517517 -76.93690651363163
38.99018803355452 -76.93653100436428
38.99018751236537 -76.93624803130453
38.990191160689875 -76.93603814845633
38.990207838742364 -76.93583363002594
38.990207838743075 -76.93559893673103
38.99020679636491 -76.93547756677727
38.990219304901885 -76.93539978271849
38.9902495338582 -76.9352831066113
38.99030530103482 -76.93513826732946
38.99036263173134 -76.9350014746744
38.990393381815686 -76.93491899673623
38.990435076820404 -76.93481304948376
38.99048511079366 -76.93468631511216
38.99051273370125 -76.9346085310534
38.99054139897129 -76.93450459545764
38.9905763184664 -76.93442010587658
38.9906128015026 -76.93434969789236
38.99061175913041 -76.93431549972858
