38.9915305110922 -76.93709898647947
38.99143617756894 -76.93708892819649
38.99139552551464 -76.93708892819649
38.991392919612935 -76.9372009104136
38.991390313710134 -76.93741749881964
38.9913887501692 -76.93763475774745
38.99139344079249 -76.93769577799749
38.99139031371034 -76.93785268721189
38.99139344079275 -76.93804446518132
38.9913929196124 -76.93827647624192
38.99139187725153 -76.93846624255254
38.991376241839006 -76.93864863275047
38.99132568731488 -76.9387592738632
38.991274090392174 -76.93878609595112
38.991153176240616 -76.93886119781261
38.991101579191316 -76.93891685365969
38.991080731888346 -76.93903285919001
38.99108281661891 -76.93912740704997
38.99108125307097 -76.93924005981927
38.991095325000856 -76.93933930158899
38.99107030823435 -76.93946536540227
38.99101037219521 -76.93950358687758
38.990945224266596 -76.9395646071301
38.990933758225374 -76.9396900003912
38.99092385573373 -76.93978320714675
38.99088268219839 -76.9398301458279
38.990862760104854 -76.93993444669593
38.99086171773632 -76.94003033566028
38.99086171773632 -76.94014500008619
38.99086223892061 -76.94025497064672
38.99086223892061 -76.94025497064672
38.99085859063035 -76.94043601978773
38.990861196551755 -76.9405245326779
38.990860154183196 -76.94059628176312
