38.99033281790402 -76.9386740246783
38.990399964492106 -76.93867863067874
38.99048231889375 -76.93867694116574
38.99055015717134 -76.93867654434952
38.990694336040754 -76.93867818593327
38.99087376958786 -76.9386822374855
38.99106643243993 -76.93868387906925
38.991263560452 -76.93868141669688
38.991375840235 -76.93864940581359
38.991392427006055 -76.93846719001645
38.991396892674494 -76.93827758709239
38.9913943408658 -76.93806664360397
38.99139306496052 -76.9378540585073
38.991390513149874 -76.93763326549183
38.991390513149874 -76.9374223219789
