38.99062557508227 -76.93435466687953
38.99058027993837 -76.93442033022602
38.990546468051484 -76.93450405099281
38.99051775983296 -76.93460336680441
38.990494155289014 -76.93468298361203
38.99044311841033 -76.93481595188871
38.99040611665025 -76.93492429641044
38.99037166671832 -76.93499570529976
38.99031680197208 -76.93513770231667
38.99026193718851 -76.93528462405447
38.990221745517744 -76.9354003557027
38.99021727977514 -76.93548243488583
38.99021791773838 -76.93560227049319
38.990219193664856 -76.93582962983045
38.990207072363724 -76.93603482780031
38.990184743642295 -76.93624166735565
38.99019558902168 -76.93652566132927
38.99020515847255 -76.93671690583724
38.990212176069136 -76.93690404637478
38.99021600384947 -76.93712155621918
38.99027342051966 -76.93733249971983
38.9902485399683 -76.93744823136805
38.990249177931894 -76.9376460422111
38.99026831681814 -76.93771334714127
38.99030978438729 -76.93772812139424
38.9904118583002 -76.93772812139424
38.99053904204555 -76.93774898057883
38.99052279241532 -76.93786704120531
